# Golden file with the light curve of a WASP-10b transit on Aug 4th 2011.
# File generated via `lemon juicer` -> Export to text file.
#
# Julian Date	Δ magnitude	lower_error upper_error
2455777.367999 -0.948379 0.0010369261156834468 0.0010379173727741813
2455777.36972 -0.951874 0.0010191795956947442 0.0010201371976319045
2455777.37144 -0.950029 0.0010089551182329629 0.0010098935942455653
2455777.37316 -0.950781 0.001000956782640725 0.0010018804315713543
2455777.37488 -0.946219 0.0009930817728897297 0.0009939909388072276
2455777.376928 -0.945369 0.0011806321779326743 0.0011819173978996908
2455777.378297 -0.931998 0.0011675061419046755 0.0011687629278737148
2455777.379667 -0.936609 0.0011599084171346878 0.0011611488901829277
2455777.38209 -0.930614 0.0011484520383684507 0.0011496681153565617
2455777.383462 -0.926887 0.0011413994271222856 0.0011426006063702393
2455777.384832 -0.925877 0.0011351466088109902 0.0011363346566478458
2455777.386202 -0.919508 0.0011271816617024596 0.001128353087152346
2455777.387572 -0.917932 0.001122961292657881 0.0011241239579534816
2455777.388941 -0.922289 0.001115786772318271 0.001116934621105333
2455777.390311 -0.922006 0.0011102984800133537 0.0011114350588238312
2455777.39168 -0.920181 0.0011050746608121612 0.0011062005644283499
2455777.393053 -0.921334 0.001099719468158651 0.0011008344804496668
2455777.394422 -0.919326 0.0010928242902914955 0.0010939253572891708
2455777.395791 -0.917306 0.0010922984826351196 0.0010933984898071495
2455777.397161 -0.916734 0.001087936433804989 0.0010890276684641215
2455777.398531 -0.919624 0.0010856312669073854 0.0010867178798451237
2455777.3999 -0.913627 0.0010826194333687018 0.001083700022554661
2455777.40127 -0.916651 0.0010788674739430795 0.0010799405825481247
2455777.40264 -0.913147 0.0010763801082364838 0.0010774482719189196
2455777.404074 -0.916956 0.001261969684157912 0.0012634382000635354
2455777.405216 -0.917793 0.0012575839666484029 0.0012590422873382488
2455777.406358 -0.914976 0.0012513554513486817 0.0012527993540832286
2455777.407499 -0.917435 0.0012516336431210799 0.0012530781882924373
2455777.408644 -0.910024 0.001251572730581903 0.0012530171350737089
2455777.409794 -0.91168 0.001603310000502368 0.0016056811151863018
2455777.410704 -0.913049 0.001602517048285066 0.0016048858164424218
2455777.411614 -0.91283 0.0015974315829986234 0.0015997853297579658
2455777.412525 -0.914897 0.001597900639894255 0.0016002557701460828
2455777.413435 -0.910567 0.0015950717253892998 0.0015974185178782457
2455777.41437 -0.91229 0.0015901451908289699 0.001592477498509201
2455777.415284 -0.910788 0.0015929624452858538 0.0015953030306527895
2455777.416194 -0.916233 0.0015884443127027147 0.0015907716299540901
2455777.417104 -0.915015 0.0015826462266913697 0.0015849565724019262
2455777.418015 -0.918313 0.0015815267966717726 0.0015838338728694642
2455777.418925 -0.911909 0.0015773858558644448 0.0015796808577901958
2455777.419836 -0.917316 0.0015767066712538027 0.0015789996958223524
2455777.420746 -0.914263 0.0015737657695531458 0.0015760502419194453
2455777.421656 -0.915326 0.0015718218528332215 0.0015741006810336526
2455777.422571 -0.917654 0.0015700714057371296 0.001572345157493653
2455777.423482 -0.914597 0.0015649757239598122 0.0015672347300802337
2455777.424393 -0.909932 0.001568125564882899 0.0015703936801901635
2455777.425303 -0.917201 0.0015614315713208856 0.0015636803498697883
2455777.426228 -0.912256 0.001564515580274314 0.0015667732572180238
2455777.427139 -0.921588 0.0015633783383825958 0.0015656327319560996
2455777.428049 -0.912708 0.0015573278089496079 0.0015595647740603406
2455777.428959 -0.913513 0.0015560466696404372 0.001558279953136297
2455777.42987 -0.907611 0.0015586478976686744 0.001560888659499568
2455777.430781 -0.914159 0.0015502020353771891 0.0015524185616503554
2455777.431694 -0.917249 0.0015540243149057141 0.0015562517929332562
2455777.432604 -0.914353 0.0015477489371604398 0.0015499584489537524
2455777.433515 -0.914783 0.0015460794845493448 0.0015482842290142661
2455777.434428 -0.914617 0.0015443778676035103 0.001546577758196623
2455777.435341 -0.919929 0.001542457038937939 0.0015446514567929242
2455777.436258 -0.915493 0.0015404568860633073 0.0015426456124271182
2455777.437168 -0.919158 0.001540445346071035 0.0015426340396189474
2455777.438079 -0.918865 0.0015337303201811553 0.001535899960209575
2455777.438993 -0.918362 0.0015295844628955418 0.0015317423809283106
2455777.439904 -0.918077 0.0015283945627655774 0.001530549122347577
2455777.440815 -0.916761 0.0015240058980994084 0.0015261480934760786
2455777.441728 -0.925375 0.001521323624729437 0.0015234582808675273
2455777.442641 -0.920944 0.001519803228516222 0.0015219336170884316
2455777.443555 -0.92876 0.0015214989850516403 0.0015236341336794543
2455777.444465 -0.927854 0.0015205106479884386 0.0015226430216685603
2455777.445376 -0.922388 0.0015148671081801205 0.0015169836711446615
2455777.446286 -0.926222 0.0015138899597235819 0.0015160037911316768
2455777.447197 -0.924859 0.0015118781399903894 0.001513986353045855
2455777.448108 -0.926884 0.0015128049835695552 0.0015149157840650509
2455777.449021 -0.927973 0.0015121527306558628 0.001514261710111911
2455777.449931 -0.928745 0.0015093856684475532 0.0015114869312312664
2455777.450842 -0.935742 0.0015024457390717364 0.001504527710363715
2455777.451753 -0.931902 0.0015050081270517794 0.0015070972108496708
2455777.453757 -0.937367 0.0011557916070228666 0.001157023285512618
2455777.454925 -0.940858 0.001158883832737977 0.0011601221140848015
2455777.456067 -0.944251 0.0011527247659061193 0.0011539499131958649
2455777.457211 -0.944885 0.0011501101204296623 0.001151329713248964
2455777.458358 -0.947366 0.0011511215739332774 0.0011523433139543292
2455777.459499 -0.950158 0.0011492070858767733 0.0011504247632532828
2455777.460641 -0.954805 0.0011469948749646968 0.0011482078663478115
2455777.461783 -0.951426 0.0011444444576868907 0.001145652057897584
2455777.462925 -0.952149 0.0011420659509515552 0.0011432685342129248
2455777.464069 -0.953527 0.0011433680639170386 0.0011445733924111002
2455777.465211 -0.953152 0.0011408436745514645 0.0011420436837499147
2455777.466353 -0.953978 0.0011438783731902195 0.001145084778419268
2455777.467495 -0.952155 0.0011358498194886939 0.0011370393405176521
2455777.468638 -0.954503 0.0011340449845141977 0.001135230726338956
2455777.469802 -0.954152 0.0011343606406196425 0.0011355470429730893
2455777.470944 -0.953991 0.0011347693857684691 0.0011359566437181142
2455777.472088 -0.953872 0.0011322381103835637 0.001133420074763601
2455777.47323 -0.954743 0.0011327342125797665 0.0011339172135083888
2455777.474372 -0.949958 0.0011292851870435255 0.0011304609910382658
2455777.475514 -0.95485 0.001129811411873798 0.001130988312498324
2455777.476656 -0.954491 0.0011283443803464016 0.0011295182250158577
2455777.477798 -0.950369 0.0011292713988051218 0.0011304471740727696
2455777.47894 -0.952251 0.0011270237874757686 0.0011281948846359067
2455777.480082 -0.953187 0.0011242592251251272 0.0011254245810146566
2455777.481224 -0.954773 0.001125669888188673 0.0011268381718905606
2455777.482364 -0.954372 0.001124227300404578 0.0011253925900770786
2455777.483507 -0.954132 0.001122939375121625 0.0011241019950094838
2455777.484649 -0.953092 0.0011209439848609319 0.0011221024744881866
2455777.485791 -0.954838 0.0011225457473458427 0.001123707551880358
2455777.486933 -0.953379 0.0011196706647894426 0.0011208265226153632
2455777.488075 -0.95133 0.0011185305067793851 0.0011196840105764457
2455777.489217 -0.952345 0.0011158123998162024 0.0011169603013586793
2455777.490359 -0.954221 0.0011141582908563929 0.0011153027898181769
2455777.491501 -0.955601 0.0011136777691082072 0.0011148212805617425
2455777.492643 -0.95259 0.0011142273336412058 0.0011153719745264068
2455777.493785 -0.953505 0.00111559447808449 0.0011167419310623575
2455777.494927 -0.952967 0.001114020537287496 0.0011151647531119431
2455777.496069 -0.95395 0.001111453757933067 0.001112592704433213
2455777.497211 -0.954217 0.001111140350237316 0.001112278654178851
2455777.498353 -0.953086 0.0011109583286543372 0.0011120962594925192
2455777.499496 -0.954011 0.0011090980680386112 0.0011102321892718502
2455777.500641 -0.955467 0.0011106214682354303 0.0011117587087472575
2455777.501827 -0.953011 0.0011070978469996644 0.0011082278791382416
2455777.50297 -0.954955 0.0011062866969708362 0.0011074150729649128
2455777.504112 -0.954937 0.0011492267284543038 0.0011504444474788886
2455777.50789 -0.954251 0.0011023960667762521 0.0011035165160772546
2455777.50903 -0.955483 0.0011018145096404613 0.0011029337764910843
2455777.51017 -0.955694 0.0011025425011444484 0.0011036632482814164
2455777.511351 -0.956562 0.0011006338300876086 0.0011017506982451922
2455777.512493 -0.956586 0.0011026114375440339 0.0011037323249056812
2455777.513635 -0.9577 0.0010981750815770538 0.001099286962757645
2455777.514777 -0.953123 0.0010999354791113743 0.0011010509296970044
2455777.515918 -0.953402 0.0011007325882754987 0.0011018496569735413
2455777.51706 -0.957536 0.0010992014771168453 0.001100315438734465
2455777.518207 -0.954626 0.0010982243302885713 0.0010993363112485263
2455777.519349 -0.956489 0.0011009454808819485 0.0011020629819456233
2455777.520495 -0.956723 0.0010968441596515327 0.0010979533460379564
2455777.521636 -0.955592 0.0010963201376315381 0.00109742826389865
2455777.52278 -0.955802 0.0010985179691902888 0.001099630545165183
2455777.523923 -0.956016 0.0010975930805005398 0.0010987037828673902
2455777.525066 -0.957707 0.001094868497458546 0.0010959736896436856
2455777.526208 -0.956372 0.0010945664565681608 0.0010956710387520015
2455777.527351 -0.955933 0.001093958069760001 0.0010950614237583956
2455777.528494 -0.956652 0.0010957618792810594 0.0010968688767253178
2455777.529637 -0.956393 0.001093282281679293 0.001094384272227393
2455777.530782 -0.957255 0.0010908991366249596 0.0010919963257433193
2455777.531924 -0.955227 0.0010915708954674086 0.0010926694369465236
2455777.533067 -0.954209 0.001093028845001772 0.0010941303244409479
2455777.53421 -0.956816 0.0010913800099278434 0.0010924781670383732
2455777.535353 -0.954663 0.0010910375241646123 0.0010921349918114832
2455777.536494 -0.956864 0.0010885038766722114 0.001089596250525959
2455777.537636 -0.954912 0.0010881845465585864 0.0010892762792540109
2455777.538781 -0.956332 0.0010873205073444465 0.0010884105061467009
2455777.539922 -0.957118 0.0010878910095174473 0.0010889821530085427
2455777.541064 -0.957103 0.0010864897151357262 0.0010875780480634543
2455777.542206 -0.958028 0.0010875296994364023 0.0010886201179042137
2455777.543349 -0.957948 0.0010859641815996646 0.0010870514614049374
2455777.544492 -0.95807 0.0010887272843475618 0.0010898201068764962
2455777.545634 -0.956341 0.0010857056978730679 0.0010867924598870404
2455777.546776 -0.956778 0.001087037009152973 0.0010881264393516393
2455777.547918 -0.955826 0.0010882057882486635 0.0010892975635877907
2455777.549059 -0.954464 0.001085917702162137 0.0010870048888513128
2455777.550204 -0.955961 0.0010876994636592324 0.0010887902227546874
2455777.551346 -0.955312 0.0010876768426559768 0.001088767556359883
2455777.552487 -0.958379 0.001088394411694162 0.0010894865657403946
2455777.553629 -0.954515 0.0010868388466960283 0.0010879278795342092
2455777.554771 -0.956721 0.0010867791599978385 0.001087868073164998
2455777.555916 -0.954614 0.0010866763486751608 0.0010877650557225655
2455777.557058 -0.956766 0.001086215793329665 0.0010873035772786706
2455777.5582 -0.958672 0.00108506823814184 0.0010861537237325265
2455777.560338 -0.955447 0.001085341671450625 0.0010864277044611505
2455777.562722 -0.957559 0.001086596788762094 0.0010876853363184186
2455777.565834 -0.957415 0.0010818648854560048 0.0010829439681501506
2455777.568801 -0.957719 0.001082761659365325 0.0010838425326303656
2455777.57176 -0.956114 0.0010815260854477944 0.0010826044920535253
2455777.574722 -0.955084 0.0010816349899378619 0.001082713613843591
2455777.577688 -0.955021 0.001080051884020907 0.0010811273512696495
2455777.580653 -0.960618 0.001080279691419081 0.0010813556126224688
2455777.583616 -0.955816 0.0010764796761824882 0.0010775480375878421
2455777.586579 -0.957431 0.0010776567959187447 0.001078727496248821
2455777.589538 -0.957533 0.0010763450176417104 0.0010774131116452518
2455777.592498 -0.955516 0.0010811611147136786 0.0010822387932433377
2455777.595458 -0.95091 0.0011055183961002732 0.001106645204557098
2455777.598418 -0.946935 0.0011339479050103281 0.0011351334437276577
2455777.601377 -0.943566 0.0011704771729130114 0.001171740366936607
2455777.604336 -0.947098 0.0012171231225023475 0.0012184890632921668
